2.063449 2.997453 0.653868 0.697693 1.139735 1 1
0.946347 1.550676 0.998409 2.852541 0.818081 1 1
1.762508 3.446883 0.704640 4.011431 1.280683 1 1
0.003352 2.640340 0.823985 2.896290 1.372204 1 1
1.382312 0.959346 0.322330 1.077058 0.306555 1 1
2.000292 3.419419 0.835471 0.783499 1.177912 1 1
2.517137 1.481685 0.386085 1.812485 0.132836 1 1
2.051038 1.897194 0.856603 1.045632 0.428160 1 1
2.114024 1.683092 1.967919 1.460309 0.990982 1 1
2.292702 0.794389 -0.996687 0.503192 1.873196 1 1
1.030921 4.174469 0.020390 1.956869 2.110793 1 1
3.205179 3.752278 1.527111 2.670453 1.303648 1 1
2.161607 1.531492 -0.195469 1.797132 0.655343 1 1
1.114756 2.591929 1.312009 1.875146 2.055901 1 1
0.529564 1.835389 -0.109299 0.213444 0.729721 1 1
1.396515 3.286432 1.036190 0.929441 2.375979 1 1
2.537879 2.494783 0.307489 0.984477 0.483624 1 1
2.425436 3.601898 1.811757 1.384478 -0.151675 1 1
1.619753 0.496827 0.774693 1.674538 0.403869 1 1
0.144502 2.436560 0.047204 0.805571 -1.641423 1 1
1.476612 3.506414 1.912070 1.411468 0.288120 1 1
1.898458 1.151372 0.756523 2.451168 1.842893 1 1
1.414869 1.826877 -0.246285 1.097152 0.607493 1 1
1.812261 2.776547 -0.182702 3.068785 0.569545 1 1
1.481838 1.364870 -1.560604 2.551439 1.426317 1 1
1.260872 2.056942 0.938548 0.471836 0.350305 1 1
2.175125 0.933854 0.749524 0.646905 1.196465 1 1
1.469705 0.627138 1.490028 1.175597 0.111285 1 1
1.670484 2.976342 -0.363449 1.852428 1.164494 1 1
2.089140 2.149975 0.188026 1.096548 0.873222 1 1
0.588682 -0.483148 0.871076 2.568345 -1.208493 1 1
0.641729 2.526281 2.248871 1.817675 0.181197 1 1
1.344538 3.168645 -0.049070 1.120687 0.389668 1 1
0.689671 2.104270 1.880977 2.074617 0.585500 1 1
1.251960 0.671288 1.250643 1.733838 0.646592 1 1
4.214141 2.253940 -0.139022 1.437596 1.776179 1 1
1.596280 0.777464 1.281345 1.232078 2.392303 1 1
-0.581959 0.119776 3.588864 -0.742323 2.224858 1 2
-1.087977 -0.219403 1.952983 0.075467 1.215441 1 2
-1.843101 -0.311854 2.860059 0.953146 0.592597 1 2
-1.479413 1.700387 2.432305 -0.415484 0.596966 1 2
-1.135939 0.340927 3.337870 0.209278 3.701129 1 2
-1.007312 0.776927 2.665227 -1.100191 1.787711 1 2
-1.751091 0.643192 3.619958 -1.655561 2.468897 1 2
-0.380452 0.399642 0.696423 -1.316649 2.602445 1 2
-1.519438 -0.349407 2.070941 -0.085473 1.964724 1 2
-1.703092 0.188199 2.167006 -1.584049 2.873069 1 2
-1.773972 1.534585 3.793119 0.048564 1.133123 1 2
-1.156829 0.479434 1.731853 -0.524295 0.497816 1 2
-0.490473 0.105075 2.670986 -0.559205 1.279931 1 2
-1.001310 0.096332 3.240603 -1.944083 1.607423 1 2
0.148090 -0.350282 1.923917 -0.363178 1.652645 1 2
-1.201964 0.915809 3.039513 0.143245 1.848346 1 2
-1.705069 1.071688 4.114900 -0.912739 0.671650 1 2
-0.558981 0.397676 0.653231 -0.079692 1.044971 1 2
-1.576953 0.782183 2.661925 -0.196966 1.129837 1 2
-1.063860 0.279385 3.127989 -0.276938 0.704877 1 2
-0.576915 0.044431 3.186849 -0.487806 3.062456 1 2
-1.689946 0.203081 2.483493 -1.057703 2.179951 1 2
-2.873864 -0.395630 1.592368 0.007761 2.954021 1 2
-1.588782 0.356502 2.559544 0.187597 0.711750 1 2
-1.297386 1.328918 2.925930 -0.638856 2.350889 1 2
-3.797747 1.076194 1.944036 -2.356038 1.934522 1 2
-0.332390 0.383169 3.309943 0.570437 2.617677 1 2
-0.106030 1.130808 2.564119 -2.161671 1.290847 1 2
-2.216760 2.345301 2.350497 -0.695276 1.968763 1 2
-1.462938 1.940793 1.970748 -0.634584 0.868900 1 2
-2.622019 -0.020004 2.468519 -1.164907 0.911442 1 2
-2.695370 0.429360 1.220988 -0.153952 1.570074 1 2
-2.738919 0.237172 1.860667 -0.528702 2.639383 1 2
-3.093897 0.597772 2.363887 -0.229361 1.681217 1 2
-2.139174 0.228804 1.823378 0.114606 1.518115 1 2
0.116012 0.448438 1.897854 -2.086657 -0.032669 1 2
-2.846516 0.727058 2.932416 -2.144012 2.260783 1 2
-0.210602 -2.375226 0.870388 1.262313 -2.028251 1 3
-0.557513 -4.329043 -1.111280 0.320539 -2.639103 1 3
0.088432 -2.434676 -0.691128 -0.052502 -1.656644 1 3
0.575650 -3.426839 0.699293 0.416200 -1.783978 1 3
0.801982 -2.301766 0.310166 0.744056 -2.320572 1 3
0.507278 -3.472167 -0.407724 0.471755 -1.976899 1 3
0.090743 -4.099572 -0.966416 0.578918 -1.664122 1 3
-0.673524 -1.424148 -1.236249 1.324039 -1.436885 1 3
-0.349293 -0.990986 -1.514591 1.281281 -0.949505 1 3
-0.370027 -1.316404 -0.712540 0.745390 -1.578726 1 3
0.085838 -1.810813 0.174465 -0.986252 -0.691311 1 3
-1.213118 -1.622336 0.457699 -0.427321 -2.149192 1 3
-0.739849 -2.682683 -0.761829 1.162711 -0.686238 1 3
1.386331 -2.977843 -0.677839 -0.930922 -2.484990 1 3
1.020124 -1.126755 -1.549197 -0.003595 -1.822445 1 3
0.438137 -3.188163 -0.139548 0.097237 -1.812284 1 3
0.664342 -2.494541 -0.870928 0.406832 -1.875109 1 3
-0.114509 -2.719977 0.858850 0.976782 -2.051158 1 3
0.792411 -2.783747 0.497156 0.814196 -1.891207 1 3
0.580559 -3.835245 -1.457752 -0.514836 -1.678498 1 3
1.672638 -0.603395 0.042343 0.925718 -3.330899 1 3
-0.261273 -3.169616 -1.027720 0.357078 -2.201277 1 3
-1.482405 -1.864276 -1.411832 0.703360 -0.037030 1 3
-0.581477 -4.650744 -0.743104 1.435816 -0.135405 1 3
-0.845117 -2.077806 -0.895514 0.409944 0.447692 1 3
-1.077525 -2.284321 -0.102461 1.422918 -1.716714 1 3
0.461843 -2.832901 -0.271242 0.208287 -1.271664 1 3
-0.114169 -2.179465 -0.524873 1.457143 -1.843685 1 3
-1.307078 -1.427367 -1.269872 -0.055701 -2.306312 1 3
1.368272 -4.315323 2.167086 1.397648 -1.610247 1 3
0.153340 -2.257279 -0.057046 1.048433 -1.327736 1 3
0.276144 -2.667738 -0.628582 0.334328 -0.836295 1 3
0.704523 -4.999330 0.057516 0.665526 -1.815902 1 3
-0.130241 -1.544504 0.305397 -0.156946 -1.454006 1 3
-0.625908 -3.672675 -1.032710 1.233034 -0.989844 1 3
0.636123 -1.883669 -0.061248 -0.045259 -1.432866 1 3
0.880348 -1.858852 0.510576 1.102058 -1.501269 1 3
2.809628 2.377457 0.150407 2.061393 0.566833 2 1
1.326098 2.277159 0.226443 1.938233 -0.409572 2 1
2.081300 2.401025 0.205475 2.760359 1.996935 2 1
0.533574 1.751684 0.246229 1.401082 1.905054 2 1
1.735248 2.175162 -0.803283 2.740105 0.146630 2 1
1.950943 2.635770 2.056560 1.087503 -1.366585 2 1
2.056272 3.930435 1.953104 2.378211 0.782109 2 1
2.586054 1.572486 1.304904 2.629650 2.101178 2 1
4.245711 2.733554 0.467381 2.178262 -0.303715 2 1
1.309494 2.052110 0.454525 2.329502 0.500943 2 1
2.852876 2.400176 0.892095 1.921289 1.331912 2 1
2.601334 1.662939 0.340601 1.941833 0.056010 2 1
1.203631 1.995212 1.643231 2.423177 1.364551 2 1
2.623263 2.283234 1.231895 2.112262 1.425558 2 1
1.404655 0.327005 0.785863 3.409336 1.987283 2 1
2.720588 3.450711 0.975359 2.367718 0.674996 2 1
1.631338 2.923405 1.923302 2.081471 0.817339 2 1
1.900449 2.911026 -0.327277 0.248246 0.732044 2 1
0.862394 1.968081 0.774387 1.814739 2.434597 2 1
2.177733 2.655403 1.428876 1.231992 2.083245 2 1
1.835600 2.969909 -0.011079 0.879305 1.895206 2 1
2.219948 1.633256 0.160786 3.156620 0.189000 2 1
3.296272 1.634472 1.442633 1.920674 1.712709 2 1
1.437503 2.261626 0.934781 1.348141 1.829701 2 1
1.463768 2.205690 0.054803 0.022016 1.037626 2 1
3.950723 3.066914 0.883629 1.976543 1.219096 2 1
2.365051 1.396309 1.847173 2.808074 1.810458 2 1
2.272704 2.416674 1.471932 2.703042 0.899065 2 1
1.412438 2.486578 2.216667 1.146759 -0.047396 2 1
2.040047 2.443255 1.047340 2.407360 1.010278 2 1
3.166384 1.039232 0.195778 2.112233 -0.196710 2 1
1.750524 3.812250 0.917754 2.396096 0.128860 2 1
1.376093 2.081083 0.629942 3.289397 1.674037 2 1
0.955261 2.609529 1.323488 3.169127 2.543460 2 1
1.037170 1.710771 -0.168941 2.001083 1.596405 2 1
2.739234 2.335442 0.628130 2.328994 0.490129 2 1
3.676108 1.033488 1.057029 3.920065 1.205780 2 1
-1.261533 0.596171 2.746667 0.766921 0.019917 2 2
0.203419 -0.310364 2.673346 -0.764858 2.400270 2 2
-2.458406 1.292847 4.620663 -1.558698 2.061250 2 2
-1.662685 1.262004 2.916276 -0.945264 2.314691 2 2
0.433696 0.737732 3.511794 -1.499282 1.087029 2 2
-0.698455 2.161499 3.202271 -0.666099 1.899398 2 2
-2.162847 1.413838 3.649983 -0.784277 1.500464 2 2
-0.874004 0.528788 2.843787 1.384764 1.690028 2 2
-1.404589 0.349589 3.532563 -0.554041 1.348033 2 2
0.023108 2.106663 2.389640 -1.986559 2.756387 2 2
-1.681935 1.572032 1.225412 0.358708 0.870504 2 2
-0.478850 0.912132 2.089151 -0.745981 2.483371 2 2
-1.009990 1.396751 4.579974 -1.729605 3.274631 2 2
-1.011297 0.136034 1.769233 -0.560752 2.683403 2 2
-1.208417 2.184482 1.666501 -0.410276 0.835466 2 2
-0.790913 1.653854 2.542352 -2.613582 2.069106 2 2
-0.728772 1.243651 3.950415 -1.310396 2.478184 2 2
-0.086369 -0.611799 3.171704 -0.828553 1.830706 2 2
-0.804475 0.485856 2.325648 -0.370970 0.975841 2 2
-2.022951 1.477467 1.923525 0.166366 2.293203 2 2
-2.566936 0.324070 3.914993 -1.233991 1.505256 2 2
-0.707248 1.565882 2.686192 -0.907884 3.109014 2 2
0.378065 1.732029 2.972520 -1.087026 1.194122 2 2
-0.655863 1.255638 4.091359 0.152883 0.622382 2 2
-0.205845 0.051648 2.573624 -0.187330 3.596317 2 2
1.543431 1.415715 2.744283 0.054330 2.654507 2 2
-1.372567 2.425930 3.095560 0.023082 2.466036 2 2
-0.741651 1.613099 2.375335 -0.874556 0.964869 2 2
-0.726424 1.562096 3.289107 1.023319 1.895243 2 2
-0.531570 -0.027946 2.570965 0.191207 2.621737 2 2
-1.349872 0.839141 1.609807 -0.703475 2.656826 2 2
-0.611076 1.325566 2.942308 -0.393996 1.338727 2 2
-0.505996 1.257827 3.318216 -0.847130 0.069659 2 2
-0.167420 0.492988 2.166641 0.189457 1.566789 2 2
-0.199054 1.424455 3.481034 -1.561062 2.930152 2 2
-0.877937 0.586114 3.021880 -1.909800 2.247355 2 2
-1.974966 -0.249770 1.605995 0.545785 1.365126 2 2
1.903669 -2.555431 -1.551254 -0.049046 -0.349560 2 3
0.467487 -2.566044 0.036015 1.326515 -0.450211 2 3
1.831224 -2.405803 -1.227141 0.548555 -1.178762 2 3
-0.219195 -2.913578 0.192220 0.858646 -1.372123 2 3
-0.044721 -2.295841 -0.885598 1.656669 -0.520038 2 3
-0.969260 -2.890084 -1.372050 0.347480 -1.470922 2 3
-0.632198 -2.883581 -0.953364 1.076177 -1.341057 2 3
-0.013477 -1.949702 -0.564678 0.669093 0.022434 2 3
1.739392 -3.204644 0.605273 1.589687 -2.376024 2 3
1.295961 -0.792758 -1.054163 0.120123 -0.534988 2 3
0.830771 -1.631245 0.189501 1.232092 -2.527501 2 3
1.490220 -1.105849 -0.294982 0.863045 -2.701441 2 3
1.037117 -1.613751 -0.152862 1.855700 -1.683966 2 3
1.079915 -2.966715 -0.120019 0.751799 -1.208488 2 3
0.285902 -2.211752 0.602140 0.528750 -2.765591 2 3
2.087146 -0.925764 -1.198423 1.486252 -1.827529 2 3
0.823964 -1.849909 -0.299247 0.233799 -1.986960 2 3
-0.178763 -2.807049 -0.157102 0.291604 -0.820256 2 3
1.864159 -2.593045 0.103494 1.324732 -0.998798 2 3
0.664562 -1.468720 0.309912 -0.152013 -0.661217 2 3
1.354197 -2.748793 -0.067753 1.480830 -1.577917 2 3
1.512031 -0.090708 -0.768088 -0.273888 -1.141754 2 3
1.213328 -2.296236 1.135272 -0.237815 -0.811019 2 3
0.085018 -0.638529 1.593638 0.248342 -1.867124 2 3
1.330650 -2.429061 -0.138600 0.921580 -3.031722 2 3
0.588238 -2.686269 -0.519154 2.127087 -2.468031 2 3
1.291224 -2.337118 -0.337796 1.571816 -1.110956 2 3
1.085021 -1.277043 -0.381612 0.379599 -2.322378 2 3
-0.101599 0.406730 0.957978 -0.248413 -2.524089 2 3
1.009586 -1.634825 0.366551 0.683288 -1.506636 2 3
0.878698 -2.026991 -1.986405 0.704670 -2.123695 2 3
0.748930 0.437470 0.212359 0.633500 -0.616469 2 3
1.010285 -1.742920 0.415823 2.648062 -2.361255 2 3
1.002587 -2.887424 0.372186 0.119116 -1.754762 2 3
0.349174 -1.270556 0.680686 -0.158860 -1.353306 2 3
-0.003143 -3.169729 -0.284464 0.637790 0.662709 2 3
0.968016 -3.270975 -0.580058 1.768176 0.375176 2 3
-0.248086 0.002064 1.690320 1.731172 -0.338049 3 1
1.554435 -0.640386 0.102869 1.678648 1.185630 3 1
0.238188 1.672834 -0.686611 1.617076 -0.361044 3 1
0.753114 0.753557 0.653466 2.129683 0.200573 3 1
1.132502 0.368697 -0.154725 1.357326 2.627674 3 1
0.154828 2.844551 0.947330 1.638541 1.894827 3 1
1.416290 1.930785 0.054847 2.440034 1.331999 3 1
0.568174 0.478640 -0.072534 0.719967 0.346004 3 1
2.151822 1.211294 0.063600 1.449319 1.121166 3 1
-0.809856 1.084305 0.279591 2.420067 -0.018117 3 1
-0.495070 2.126755 -0.440058 0.388783 -0.130694 3 1
0.943153 1.085967 -1.774731 2.162506 1.483644 3 1
1.653794 0.632967 -0.071268 1.394457 0.908975 3 1
1.668089 0.975952 0.169696 1.788688 1.637449 3 1
1.698831 2.270698 0.171253 2.598890 0.748298 3 1
0.368075 2.792864 0.693218 1.023413 -0.007569 3 1
1.352089 1.993707 0.267698 1.664612 1.844964 3 1
2.010812 1.762040 0.900114 0.522355 0.738238 3 1
2.637910 1.414661 -0.620489 0.845724 -0.526188 3 1
0.432952 1.285068 -1.094732 1.413276 1.166936 3 1
0.328407 2.891391 0.534173 2.275993 -0.159159 3 1
1.826346 0.671856 0.856710 1.546063 0.870264 3 1
0.100745 0.839191 0.607644 0.593904 0.793725 3 1
-0.062067 2.320948 -0.947645 1.869455 0.931786 3 1
0.507744 2.094723 0.321376 0.941984 -0.457271 3 1
-0.568232 1.897203 -1.230082 1.481043 0.176069 3 1
1.677271 1.343261 -0.180031 2.022090 0.684799 3 1
1.368733 1.998877 -1.205236 2.043270 0.920598 3 1
0.235819 1.392532 0.066589 1.285678 0.683781 3 1
2.316662 2.519502 -1.015386 1.928759 1.529593 3 1
1.428787 2.527333 1.810430 2.270153 0.611912 3 1
1.988325 1.723155 0.120318 1.101298 1.728901 3 1
0.404336 2.902513 0.524885 0.210590 0.712502 3 1
-0.685023 2.131682 0.852447 0.896497 0.505016 3 1
2.761034 1.170115 -0.800071 2.659414 2.068199 3 1
1.103141 2.459744 1.240255 0.768888 -0.012510 3 1
2.146243 3.032262 0.578449 0.652158 2.089002 3 1
-2.351325 -0.184867 2.390987 0.121036 1.825880 3 2
-1.547364 0.493795 2.136987 -0.725581 -1.050126 3 2
-2.152116 0.305124 1.121638 -0.871625 0.926199 3 2
-0.407846 1.437067 1.704065 -1.328212 1.037145 3 2
-2.283911 0.265771 1.455460 -2.161023 1.629305 3 2
-1.364900 -0.583668 2.861052 -1.736841 1.315190 3 2
-1.202708 0.071429 2.486530 -1.638965 0.933003 3 2
-2.074981 -0.534592 1.949742 -2.516326 0.682519 3 2
-2.142144 -0.117753 1.894727 -1.252500 1.507525 3 2
-1.156660 -0.452300 1.077279 -2.085738 0.685878 3 2
-2.199133 -0.554497 0.998301 -1.587703 1.254213 3 2
-1.394225 -0.373810 1.748952 -1.987694 1.073277 3 2
-2.621164 0.587159 0.582013 -1.505685 1.355941 3 2
-1.743741 2.389079 2.397330 -2.053446 1.018855 3 2
-3.409809 0.031490 1.391902 -0.421918 0.632891 3 2
-1.999251 -0.440224 3.578024 -1.473056 2.657673 3 2
-1.207971 0.509757 2.413423 -0.865272 -0.538522 3 2
-2.137051 0.818384 2.058437 -2.394411 1.055456 3 2
-0.451510 1.159858 2.047297 -0.391268 0.788469 3 2
-3.348291 -0.685796 3.428455 -1.432894 0.893124 3 2
-2.154862 1.718516 3.482065 0.685963 0.964812 3 2
-1.648719 -1.189146 3.355394 -2.192613 1.284259 3 2
-2.832707 -0.400537 1.388327 -1.716694 0.641746 3 2
-2.366028 0.808334 1.160867 -1.012540 2.135265 3 2
-2.336217 -0.510231 1.904054 -0.197234 1.264991 3 2
-2.351532 0.511295 1.163052 -0.620844 1.447316 3 2
-2.161637 -0.612798 1.346321 -0.745405 2.144633 3 2
-2.441712 0.489629 0.326027 -1.696925 1.073600 3 2
-2.673231 -0.696030 1.532387 -0.951636 0.940770 3 2
-3.802497 -1.702595 1.584165 -0.810966 -1.235379 3 2
-2.324771 -0.347311 3.280087 -1.527269 1.425541 3 2
-1.779931 -1.710982 2.752976 -1.016913 1.532028 3 2
1.437302 -1.671496 3.565992 -1.444330 1.344230 3 2
-1.938685 -0.260601 1.615642 -0.919918 -0.189598 3 2
-1.262008 -0.253765 1.139441 -1.582511 2.168577 3 2
-2.355035 0.404686 1.478687 -0.555766 1.682682 3 2
-0.328682 -0.049229 2.668357 -1.116643 2.201491 3 2
-0.811008 -2.266745 -1.065493 0.045440 -2.122010 3 3
0.014404 -2.998795 -0.717494 1.441400 -1.362368 3 3
0.538781 -3.287209 -1.655855 0.912005 -1.455360 3 3
1.051770 -3.413384 -1.095116 -1.293562 -2.533600 3 3
0.647085 -3.296521 -0.355592 -0.061928 -1.924552 3 3
-1.175538 -2.827572 -3.442466 -0.058862 -3.585902 3 3
0.825095 -2.239204 -0.503330 1.392855 -3.006579 3 3
1.285259 -2.107637 -1.101072 1.065277 -3.140349 3 3
-0.900837 -3.417301 -1.349631 -0.798074 -1.160379 3 3
-0.420026 -2.600371 -1.384799 -1.447513 -1.970451 3 3
-1.825417 -2.958339 -2.063068 1.789185 -1.425342 3 3
-0.110109 -1.825849 -1.619369 0.561957 -2.030161 3 3
0.024417 -1.818500 -0.277382 0.345415 -3.606654 3 3
-1.016039 -3.004303 -0.820633 -0.860673 -0.150075 3 3
1.088935 -2.388199 -0.838769 -0.080378 -3.009131 3 3
-0.134142 -2.680910 -1.955496 0.384050 -2.331970 3 3
-1.821636 -3.631327 -1.251565 1.704535 -1.726930 3 3
-1.335159 -2.486869 -2.215208 1.020287 -2.600456 3 3
-0.279591 -1.773073 -1.994089 -1.087550 -2.696059 3 3
0.682622 -4.191444 -3.307332 -0.283485 -1.731020 3 3
0.820222 -3.293687 -1.249713 1.080816 -3.789280 3 3
-0.530243 -2.738140 -0.518164 -0.333336 -2.170725 3 3
-2.315078 -3.459511 -0.514518 -0.734950 -2.149863 3 3
0.179842 -3.191167 -0.755106 -0.718323 -2.375620 3 3
0.318684 -2.766573 -1.398552 0.290584 -1.592582 3 3
-1.942450 -1.914787 -1.185817 0.461666 -1.182340 3 3
-1.365923 -3.503025 -1.145266 -0.566190 -0.725304 3 3
-0.928256 -3.372215 -0.726269 -0.921827 -2.536329 3 3
0.069835 -3.182931 -0.979379 -0.349932 -3.487300 3 3
0.073354 -1.408307 -0.884359 0.291474 -1.611186 3 3
-1.278931 -1.452863 -0.728021 1.487078 -2.823078 3 3
1.345353 -2.241118 -0.429916 0.298921 -2.411249 3 3
0.820452 -2.780694 -2.572009 -0.849608 -2.357969 3 3
0.063499 -2.948100 0.136125 -1.558437 -2.077950 3 3
-1.745282 -2.254245 -0.980290 0.456668 -2.934301 3 3
0.887545 -2.014534 -0.403987 -0.010090 -1.707121 3 3
-0.800859 -2.172778 0.502059 1.010019 -2.820162 3 3
