2.397371 1.889389 1.518151 2.218424 1
1.812677 1.812690 2.263370 1.613948 1
1.624420 2.434048 0.629266 0.627416 1
2.193570 0.469376 -0.379934 0.550170 1
1.189735 2.251398 0.273581 -0.129843 1
3.172519 1.819379 1.054023 -0.139799 1
1.564494 2.088738 0.079205 1.300558 1
1.519489 1.766645 0.518635 2.481823 1
1.989202 1.153831 1.658036 0.023325 1
2.167091 0.432264 -0.062549 1.157489 1
2.590773 2.137095 0.907481 0.759117 1
0.817182 1.424125 0.631489 1.845698 1
2.274895 0.589568 1.259267 0.691934 1
1.458462 2.489341 1.824800 1.745024 1
1.328626 1.752630 1.265011 1.780436 1
1.616661 1.851473 0.114932 0.043035 1
2.650021 3.084992 0.942392 1.802826 1
2.289309 1.483904 1.289116 2.230429 1
1.971339 3.251715 -1.095796 1.657522 1
2.069638 1.760794 1.073409 -0.590055 1
1.824262 2.285690 2.182315 0.585384 1
1.353205 1.598594 1.732322 1.263001 1
1.576192 2.410614 1.077662 1.774916 1
1.438358 1.737870 0.686313 -0.170812 1
2.236896 2.208844 1.004091 0.812330 1
0.867703 1.663484 0.725828 0.358178 1
1.870971 2.323241 2.508949 1.139662 1
2.206040 1.940443 -0.535017 0.978789 1
2.048184 3.970594 0.846111 1.241238 1
1.972231 1.065058 1.914258 1.601546 1
2.632826 1.272490 2.122235 -0.121481 1
2.469486 3.752365 0.207571 0.546962 1
2.079721 1.597219 -0.240531 1.054850 1
1.150157 2.378874 0.264461 2.239948 1
1.373397 1.742351 1.650814 0.015309 1
2.181968 3.045714 -0.285987 1.147707 1
2.207906 2.625458 0.010439 -0.056365 1
2.417553 2.237588 1.200394 1.277159 1
1.455980 2.185803 1.234458 0.428519 1
3.492620 2.379066 0.046957 1.525243 1
1.220255 2.629668 1.926876 0.343454 1
2.770701 2.330225 1.657648 2.517434 1
1.803690 1.397011 0.288388 0.347352 1
1.938319 2.272922 1.221353 1.661747 1
2.010402 3.162827 0.788275 3.176135 1
2.500534 1.314274 0.143286 1.385978 1
1.821230 2.571200 1.378590 0.941737 1
1.322565 0.788122 0.642788 1.685119 1
2.171275 1.003409 1.138545 1.308254 1
1.292914 2.122980 1.046567 0.085624 1
2.286230 2.448628 1.866441 1.843042 1
0.897865 1.249740 1.412028 1.411029 1
2.412038 5.082185 1.456712 1.908453 1
2.763201 2.521113 0.747785 1.607175 1
1.381740 1.810545 0.611709 1.065499 1
3.851727 0.506188 1.549008 -0.290173 1
1.622455 2.871160 1.051424 0.137804 1
1.427757 2.543678 0.415707 1.173167 1
2.036457 1.478720 2.715155 1.507135 1
0.379886 2.149163 0.470571 1.681947 1
1.365983 1.908211 1.403990 1.692604 1
1.039763 1.732399 0.620044 0.477337 1
3.412363 2.323985 -0.008707 1.734290 1
3.697725 2.825972 -0.215496 0.612613 1
3.013529 1.433864 1.355056 1.619707 1
1.258456 1.952380 -1.593014 0.180490 1
1.797945 1.001773 2.305929 -0.144113 1
1.647964 2.104592 2.153019 -0.148690 1
2.930531 2.008186 0.214793 1.369683 1
2.159248 1.519826 1.055842 0.691749 1
2.090814 2.529705 2.268813 0.009748 1
3.706427 0.438330 0.878572 1.470654 1
2.224793 1.501840 0.833502 0.605599 1
1.528508 2.679682 1.285612 0.445672 1
2.719680 2.245840 1.650290 1.503703 1
1.336804 1.551855 1.597835 1.488296 1
1.983279 2.093862 2.022132 0.526743 1
2.437678 1.838246 0.825855 1.879021 1
2.660333 2.650808 2.044383 1.016803 1
2.545562 1.751787 1.259333 0.895886 1
2.077597 2.476126 0.345423 2.673910 1
1.195186 1.028649 1.926489 1.633330 1
2.499296 2.502676 0.990203 0.282197 1
2.060644 1.458271 1.780096 0.882354 1
1.339602 1.742891 1.330345 0.549020 1
1.342224 2.194950 1.195973 0.594445 1
1.623169 2.185640 -0.158467 -0.125971 1
1.425245 1.829242 1.248726 2.180285 1
2.686128 1.872049 0.984787 0.197977 1
1.985189 1.769073 1.258175 0.338215 1
2.415477 3.226191 0.912992 1.321369 1
2.552115 1.679024 1.179274 1.010074 1
2.078141 1.381592 1.019608 1.398399 1
3.160915 2.767417 2.722546 0.386122 1
2.697857 2.146674 2.751842 0.353361 1
1.328223 1.520486 -0.699117 0.579396 1
1.392694 2.120315 1.273405 2.500937 1
2.760339 1.538477 0.281268 1.393535 1
0.943813 3.465167 1.943552 0.624659 1
0.629492 3.083098 0.908368 1.990253 1
0.724458 1.520500 1.004195 1.037584 1
1.639948 2.498280 0.145904 0.886096 1
2.096237 2.411551 1.569292 0.100286 1
0.772709 3.022141 1.265851 0.401211 1
3.240922 2.092540 1.943438 1.054015 1
3.648598 3.404273 0.800829 1.777257 1
2.516301 3.094905 0.228061 1.548841 1
2.846740 0.593008 0.053393 -0.631386 1
1.784475 2.574034 2.201886 1.059276 1
3.302892 0.895919 -0.362706 0.955562 1
2.307252 1.973844 -0.653954 0.928704 1
0.956424 2.535738 1.293279 0.248096 1
1.588906 1.152629 0.949857 1.764114 1
1.211419 2.403237 0.575794 0.365702 1
1.914376 1.171806 0.557081 0.041698 1
3.571780 2.028211 0.440220 1.171184 1
1.910138 1.823224 1.491333 1.606006 1
1.575599 1.539345 0.779959 -0.841537 1
0.787847 3.093499 2.315974 0.800771 1
2.461246 2.249000 3.463105 1.895660 1
-2.115126 0.140014 1.554198 -0.816883 2
-2.680716 -0.280028 2.418084 -1.973393 2
-0.481573 1.793476 2.992825 0.331950 2
-1.930369 0.224844 4.370812 -0.514981 2
-2.933522 0.828695 2.211944 -2.244520 2
-1.166440 2.718475 1.741289 -0.493328 2
-2.585578 0.561587 2.466845 -1.777592 2
-1.956331 0.252145 3.243411 -1.045214 2
-2.215053 0.183193 2.480906 -0.320148 2
-1.549175 0.120200 3.089399 -0.323752 2
-3.502465 1.489024 2.403639 -0.486461 2
-2.686933 -0.624394 1.535212 -0.956724 2
-1.766250 0.186115 3.574733 -2.495368 2
-2.059472 -0.089915 2.413348 -0.957341 2
-2.774372 0.653900 3.905664 -1.519203 2
-1.247877 -0.016736 3.476824 0.297412 2
-4.224480 0.282794 3.519365 -1.182741 2
-1.665969 0.456413 3.077931 -1.140110 2
-0.948996 1.228979 3.303842 -1.370689 2
-2.438846 0.610698 3.355007 -1.378886 2
-1.739203 2.867861 3.784012 -1.293421 2
-0.918907 0.632732 1.165688 -1.907278 2
-3.683713 0.683638 3.016577 0.508794 2
-1.705765 0.802810 3.746465 -2.990022 2
-1.787947 1.693779 1.669272 0.029379 2
-1.695353 0.626241 3.569504 1.043624 2
-1.836320 1.223399 2.586575 -1.764860 2
-1.252698 0.229525 3.064410 -1.429892 2
-1.568918 1.300296 3.933786 -1.459015 2
-2.242887 0.119113 2.600136 -0.660430 2
-1.318710 0.170051 3.782645 0.220074 2
-1.627909 2.689116 2.303590 -2.120189 2
-3.600848 2.346440 3.588929 -1.050026 2
-1.748028 -0.012940 5.201177 -0.883701 2
-1.901545 1.653190 3.432908 -0.798504 2
-2.711427 1.424322 4.693822 0.210878 2
-0.566132 0.539906 2.109356 -1.113208 2
-1.949848 1.984772 1.476782 0.376595 2
-2.142207 0.615807 2.089106 -2.489371 2
-1.259146 1.065986 1.839035 -2.165571 2
-2.302206 2.502119 2.766368 -2.352829 2
-2.221169 0.754549 0.572802 -1.048865 2
-2.207841 1.626586 4.664060 0.013909 2
-2.242000 0.004127 5.316024 -0.946703 2
-1.987464 0.978287 3.178276 -1.129924 2
-2.516296 0.507827 2.970522 -1.489082 2
-2.641561 1.095787 2.770521 0.353594 2
-4.385873 1.982356 4.121477 -2.866051 2
-2.308419 0.665703 1.733239 -1.700035 2
-2.999518 2.577043 3.842111 0.144400 2
-1.350495 -0.016147 2.527932 -0.559563 2
-3.099915 1.641699 2.783707 -1.337339 2
-1.360136 1.399837 2.675130 0.043397 2
-2.972957 1.554342 3.533791 -1.278592 2
-1.706480 -0.126002 3.831624 -1.166412 2
-2.470451 1.944108 2.366091 -2.267615 2
-3.400966 1.545409 1.847614 0.579315 2
-3.873736 2.526811 3.189916 -1.087042 2
-2.490427 1.359223 2.966129 -0.007028 2
-1.897195 1.135272 2.672749 -1.051251 2
-1.722978 -0.539152 1.786633 -0.331062 2
-1.846221 0.834415 3.016591 -0.687176 2
-2.485784 0.299526 3.176261 -1.880535 2
-1.632573 -0.532325 3.926240 -0.574662 2
-1.769573 1.884422 4.498927 -0.087067 2
-3.656787 -0.151619 2.437663 -0.976518 2
-1.534107 0.346831 3.168090 -1.679845 2
-2.550366 -0.265995 2.169090 -2.216516 2
-2.878286 1.948278 2.145541 1.369144 2
-1.556014 1.166353 2.227478 -0.369721 2
-2.518074 1.109809 5.304076 -1.086454 2
-0.965654 0.367141 2.968510 0.593721 2
-2.564270 2.631204 3.636977 -1.506220 2
-1.430833 1.875299 3.559629 -2.413202 2
-2.654423 0.777233 2.933010 -0.441395 2
-1.840069 -0.201810 3.342178 -0.450473 2
-1.496189 1.972703 3.750530 -0.586738 2
-2.063149 -0.494865 3.386656 -0.813081 2
-1.755579 -0.149074 2.027049 -0.052162 2
-2.035600 1.613351 3.025487 -0.973219 2
-1.155545 0.535560 3.086509 -1.416048 2
-2.391047 0.721745 3.199920 -1.430874 2
-0.869819 0.194853 2.831816 -1.395758 2
-0.697720 1.176899 3.928660 -2.337004 2
-1.759655 1.800668 3.074056 -0.041068 2
-2.465560 2.268413 5.069008 -1.326555 2
-2.400952 2.308046 4.421615 -1.470574 2
-2.378168 0.746394 1.789995 -1.826787 2
-2.903727 0.308982 2.968784 -0.789207 2
-0.604550 0.101481 3.885890 -1.192590 2
-2.044517 1.607338 1.989550 -0.655831 2
-1.850193 1.443206 3.260252 1.209770 2
-2.573966 0.522103 2.439174 -1.499929 2
-2.573648 2.070115 4.278454 -1.513672 2
-2.749120 1.424274 2.502999 -0.430361 2
-1.817369 -0.364170 4.392755 0.616290 2
-2.551510 0.651069 3.257279 -0.698989 2
-1.407310 2.809184 2.840747 -1.718468 2
-3.241387 0.342163 2.970186 0.615102 2
-2.465850 1.201409 2.985219 0.069554 2
0.274239 0.522218 2.559505 -0.060255 2
-1.386298 2.662037 3.525535 -1.323363 2
-1.468411 1.997833 3.738434 -0.543453 2
-1.039993 2.052366 4.243943 -0.416161 2
-2.150406 1.132042 4.085858 -1.735242 2
-1.668194 0.645995 3.025870 0.150607 2
-1.828011 1.041793 1.776129 -0.328372 2
-1.419064 2.946929 2.723000 -0.802765 2
-1.775555 2.419708 2.914234 -0.748881 2
-1.452893 1.167948 2.598210 -0.825319 2
-1.033731 0.076136 3.119673 -1.630109 2
-0.924458 -0.370868 2.496970 -0.660509 2
-0.591028 0.940825 2.500320 0.693041 2
-3.303213 -0.978925 3.396013 -1.451849 2
-2.919110 1.637521 3.219421 -1.507671 2
-3.152274 1.785212 3.585181 -1.089258 2
-0.338027 0.036924 1.627027 -1.622717 2
-2.041027 1.219006 2.782888 -0.683150 2
-3.126385 2.299388 2.926064 0.005566 2
-1.691547 1.411078 3.512791 -0.597062 2
0.449906 -2.069593 -0.862435 2.496303 3
-0.062815 -1.991918 -1.473475 3.260658 3
-0.028111 -4.001543 -0.910327 1.523264 3
0.588450 -3.456837 -1.312328 0.677321 3
-0.316614 -4.696716 -2.108732 2.532290 3
0.550060 -2.702180 -1.676883 1.966602 3
-0.002522 -3.810855 0.052379 2.614154 3
-0.154675 -2.981180 -0.854132 0.570786 3
-0.173024 -3.477389 -1.701134 1.803230 3
1.258381 -2.551410 -1.399825 2.400808 3
0.979549 -2.352756 -0.958259 1.547144 3
0.488756 -2.724560 -0.373365 2.444620 3
0.734687 -3.374665 -0.077824 2.138320 3
1.452683 -3.482431 0.215175 2.138538 3
-0.455993 -3.338720 -1.224243 2.296916 3
0.365985 -3.401590 -1.017048 3.499589 3
1.209280 -2.694573 -0.973398 2.084022 3
0.429463 -3.715955 -1.180164 0.831991 3
0.279456 -2.546963 -1.338231 3.101791 3
-0.858036 -4.025062 -0.842884 2.732969 3
1.178749 -3.321219 -0.244923 1.973044 3
-0.120839 -2.381438 -0.543374 0.896525 3
1.033578 -2.033936 -1.437894 2.277062 3
0.345821 -2.817528 -1.385214 1.529864 3
-0.017888 -2.179090 -0.619480 1.740570 3
0.540189 -4.993980 -0.195864 0.782200 3
-0.253709 -3.783769 -1.906277 2.812579 3
-0.327391 -2.757447 -1.032844 2.333929 3
0.053775 -3.898095 -0.302613 1.654370 3
-1.089607 -3.299681 0.050532 2.595155 3
-0.244056 -3.244480 -1.225145 3.453724 3
0.267355 -2.698971 -0.278802 2.167152 3
-0.181330 -3.137445 -1.050121 1.973944 3
0.509341 -2.963638 -0.487152 1.943498 3
0.055045 -4.398740 -0.358571 2.242542 3
0.698607 -5.027379 0.461862 1.902287 3
0.775728 -3.727934 -0.571058 1.262609 3
-0.436638 -1.660178 -1.133478 2.152203 3
0.609047 -2.653023 -0.894707 2.255473 3
1.682391 -3.040333 -0.859231 2.735458 3
0.773868 -2.169079 -0.552889 1.199897 3
1.143402 -3.802442 -0.788155 1.472007 3
-0.044897 -2.769866 -0.775050 2.295345 3
1.129598 -2.682526 -1.170910 2.674861 3
0.832629 -3.859325 -0.581820 2.490821 3
-0.208294 -2.037005 -1.105039 2.087904 3
-0.121150 -2.989095 -1.767393 0.991964 3
1.116154 -3.592873 -1.693975 0.492627 3
-0.447273 -3.926163 0.149411 2.706872 3
-0.481705 -1.423295 -0.312764 1.772618 3
-1.749584 -1.396340 -1.972701 0.848221 3
0.715799 -1.292173 -0.031009 2.394736 3
0.416328 -2.402609 -0.468750 2.196834 3
0.072941 -3.043815 -1.527775 1.803527 3
-1.185070 -3.068838 -1.692014 1.227487 3
0.125926 -2.025598 -0.357178 0.900650 3
-0.692740 -2.341460 -1.687741 1.842757 3
0.385036 -3.677841 -0.926237 1.066182 3
-0.420957 -2.776153 -2.115096 2.308332 3
-0.013746 -2.613257 -0.843260 2.954898 3
0.087657 -3.300584 -0.914392 2.380309 3
0.034202 -2.971586 -1.491394 1.535969 3
-0.981824 -1.775296 -1.870704 1.514966 3
-0.502885 -2.373553 -1.206465 2.873419 3
-0.471443 -2.804704 -1.584743 3.501604 3
-0.831319 -2.783126 -0.556356 2.289659 3
-0.129701 -3.090874 -0.969332 1.897099 3
0.674715 -1.452634 -1.390244 1.041138 3
-0.061797 -1.194203 -1.562572 3.147382 3
1.174391 -3.387512 -0.601712 3.139878 3
-0.265389 -3.142506 -1.407177 1.289670 3
-0.454494 -3.856758 -0.976142 1.461019 3
0.163650 -4.089127 -0.768384 2.583470 3
-1.395615 -2.738160 -0.140632 1.153251 3
1.170801 -2.706687 -1.493508 1.960962 3
0.390829 -2.946796 -0.622871 1.355528 3
0.118553 -3.989600 -1.077858 1.367265 3
-0.514871 -2.134735 -0.236083 2.426397 3
-0.764619 -3.221486 -0.150832 2.099202 3
1.623531 -2.724678 -0.865566 1.783618 3
0.093479 -3.106729 -0.504324 2.669692 3
-0.550193 -3.931863 -2.285344 2.355594 3
-0.772357 -4.507023 -0.727995 3.745100 3
-0.004250 -2.413056 -0.942719 1.930777 3
0.643354 -3.203192 -0.812825 2.225188 3
-0.467663 -2.305570 -1.122472 1.470978 3
0.375557 -3.628928 -0.980273 1.993617 3
0.760127 -2.667711 -1.017519 2.572436 3
0.973145 -2.609533 -0.992753 1.081715 3
-0.745580 -3.213657 -1.426659 1.869120 3
0.039655 -2.629215 -1.049349 2.340551 3
0.045132 -4.382827 -1.657535 1.899139 3
-0.846786 -2.580050 0.071526 2.853133 3
-0.149410 -1.956492 -0.895933 1.764040 3
-0.429382 -3.211729 -1.271724 2.119291 3
0.112402 -2.997868 -0.694143 2.833452 3
0.664688 -4.039429 -2.787745 2.654024 3
-0.956815 -3.157336 -1.819079 0.738614 3
0.379024 -2.468591 -1.403557 0.186270 3
-0.382371 -2.725737 -2.035238 2.128352 3
-0.010717 -2.594496 -0.916294 1.318852 3
0.837600 -3.110971 -1.019113 1.346712 3
-0.310298 -3.619362 -1.121062 3.198196 3
-0.960331 -4.129493 0.029819 1.853473 3
-0.468351 -2.272067 -1.423931 3.278207 3
0.474548 -3.341538 0.510116 1.576000 3
0.519467 -2.790495 -0.088781 3.093058 3
0.022403 -3.527393 -0.678019 1.525599 3
1.409371 -2.904425 -1.255725 2.129276 3
-0.942988 -3.680130 -0.159710 1.540174 3
-0.732838 -2.624343 -0.170007 2.503267 3
0.697233 -3.529757 -1.995267 3.050934 3
-0.225876 -3.175583 -0.070264 2.389361 3
0.319121 -1.484498 -1.450463 2.649488 3
0.039909 -2.811985 0.069928 2.355485 3
0.376807 -2.249245 -1.255467 1.412553 3
-0.731366 -4.376450 0.439345 1.227754 3
-0.154878 -3.193769 -0.784815 2.571016 3
0.602331 -3.408154 -1.116985 2.197806 3
-0.174084 -1.874858 -0.656318 2.514414 3
